Time,Latitude,Longitude
0,41.3275,19.8189
1,41.3276,19.8188
2,41.3274,19.8190
3,41.3275,19.8187
4,41.3276,19.8189
5,41.3275,19.8188
6,41.3274,19.8189
7,41.3276,19.8187
8,41.3275,19.8189
9,41.3276,19.8188
10,41.3275,19.8189
11,41.3276,19.8188
12,41.3274,19.8189
13,41.3275,19.8187
14,41.3276,19.8189
15,41.3275,19.8188
16,41.3274,19.8190
17,41.3276,19.8187
18,41.3275,19.8189
19,41.3276,19.8188
20,41.3275,19.8189
21,41.3276,19.8188
22,41.3274,19.8190
23,41.3275,19.8187
24,41.3276,19.8189
25,41.3275,19.8188
26,41.3274,19.8189
27,41.3276,19.8187
28,41.3275,19.8189
29,41.3276,19.8188
30,41.3275,19.8189
31,41.3276,19.8188
32,41.3274,19.8190
33,41.3275,19.8187
34,41.3276,19.8189
35,41.3275,19.8188
36,41.3274,19.8189
37,41.3276,19.8187
38,41.3275,19.8189
39,41.3276,19.8188
